Cubefile created from AIMPRO output using aimpot2cube parser: Copyright (c) A Christison 2025 All Rights Reserved
Contains the sum of the V_har + V_loc potentials from AIM.sh.o.test on the grid specified in test.in.benchmark in eV, positional data in Bohr
    8    0.000000    0.000000    0.000000
    5    1.000000    0.000000    0.000000
    5    0.000000    1.000000    0.000000
    5    0.000000    0.000000    1.000000
    6    6.000000    0.000000    0.000000    0.000000
    6    6.000000    1.685000    1.685000    1.685000
    6    6.000000    3.370000    3.370000    0.000000
    6    6.000000    5.055000    5.055000    1.685000
    6    6.000000    0.000000    3.370000    3.370000
    6    6.000000    1.685000    5.055000    5.055000
    6    6.000000    3.370000    0.000000    3.370000
    6    6.000000    5.055000    1.685000    5.055000
  -3.92911e+02  -1.60421e+01   1.04057e+01   1.24388e+01   1.22248e+01
  -1.60421e+01   2.12452e+00   9.35007e+00   1.14676e+01   1.11091e+01
   1.04057e+01   9.35007e+00   7.50920e+00   2.85413e+00   4.46317e+00
   1.24388e+01   1.14676e+01   2.85413e+00  -1.27553e+02  -5.33336e+01
   1.22248e+01   1.11091e+01   4.46317e+00  -5.33336e+01  -2.65356e+01
  -1.60421e+01   2.12452e+00   9.35007e+00   1.14676e+01   1.11091e+01
   2.12452e+00  -6.34769e+00  -1.48951e+01   7.23040e+00   1.20582e+01
   9.35007e+00  -1.48951e+01  -3.64666e+01   3.12313e+00   9.26578e+00
   1.14676e+01   7.23040e+00   3.12313e+00  -8.11006e+00  -2.91485e+00
   1.11091e+01   1.20582e+01   9.26578e+00  -2.91485e+00  -1.74242e+00
   1.04057e+01   9.35007e+00   7.50920e+00   2.85413e+00   4.46317e+00
   9.35007e+00  -1.48951e+01  -3.64666e+01   3.12313e+00   9.26578e+00
   7.50920e+00  -3.64666e+01  -1.16919e+02   2.20981e+00   1.16866e+01
   2.85413e+00   3.12313e+00   2.20981e+00   9.19754e+00   1.10227e+01
   4.46317e+00   9.26578e+00   1.16866e+01   1.10227e+01   5.11280e+00
   1.24388e+01   1.14676e+01   2.85413e+00  -1.27553e+02  -5.33336e+01
   1.14676e+01   7.23040e+00   3.12313e+00  -8.11006e+00  -2.91485e+00
   2.85413e+00   3.12313e+00   2.20981e+00   9.19754e+00   1.10227e+01
  -1.27553e+02  -8.11006e+00   9.19754e+00   1.19260e+01   1.22659e+01
  -5.33336e+01  -2.91485e+00   1.10227e+01   1.22659e+01   1.07392e+01
   1.22248e+01   1.11091e+01   4.46317e+00  -5.33336e+01  -2.65356e+01
   1.11091e+01   1.20582e+01   9.26578e+00  -2.91485e+00  -1.74242e+00
   4.46317e+00   9.26578e+00   1.16866e+01   1.10227e+01   5.11280e+00
  -5.33336e+01  -2.91485e+00   1.10227e+01   1.22659e+01   1.07392e+01
  -2.65356e+01  -1.74242e+00   5.11280e+00   1.07392e+01   1.22671e+01
