Cubefile created from AIMPRO output using aimpot2cube parser: Copyright (c) A Christison 2025 All Rights Reserved
Contains the total potential from AIM.sh.o_hartree.test on the grid specified in test_hartree.in.benchmark in Hartree, positional data in Bohr
    8    0.000000    0.000000    0.000000
    5    1.000000    0.000000    0.000000
    5    0.000000    1.000000    0.000000
    5    0.000000    0.000000    1.000000
    6    6.000000    0.000000    0.000000    0.000000
    6    6.000000    1.685000    1.685000    1.685000
    6    6.000000    3.370000    3.370000    0.000000
    6    6.000000    5.055000    5.055000    1.685000
    6    6.000000    0.000000    3.370000    3.370000
    6    6.000000    1.685000    5.055000    5.055000
    6    6.000000    3.370000    0.000000    3.370000
    6    6.000000    5.055000    1.685000    5.055000
  -1.4439e+01  -1.7768e-01   4.8130e-01   4.8873e-01   4.8796e-01
  -1.7768e-01   3.6395e-01   4.6511e-01   4.8438e-01   4.7916e-01
   4.8130e-01   4.6511e-01   4.5981e-01   3.5338e-01   4.0127e-01
   4.8873e-01   4.8438e-01   3.5338e-01  -4.1711e+00  -1.4373e+00
   4.8796e-01   4.7916e-01   4.0127e-01  -1.4373e+00  -4.9831e-01
  -1.7768e-01   3.6395e-01   4.6511e-01   4.8438e-01   4.7916e-01
   3.6395e-01   2.6663e-01  -1.7793e-01   4.0656e-01   4.9134e-01
   4.6511e-01  -1.7793e-01  -7.9548e-01   4.2584e-01   4.4765e-01
   4.8438e-01   4.0656e-01   4.2584e-01   1.2963e-01   1.6891e-01
   4.7916e-01   4.9134e-01   4.4765e-01   1.6891e-01   3.8132e-01
   4.8130e-01   4.6511e-01   4.5981e-01   3.5338e-01   4.0127e-01
   4.6511e-01  -1.7793e-01  -7.9548e-01   4.2584e-01   4.4765e-01
   4.5981e-01  -7.9548e-01  -3.8043e+00   3.1668e-01   4.8838e-01
   3.5338e-01   4.2584e-01   3.1668e-01   4.6733e-01   4.8446e-01
   4.0127e-01   4.4765e-01   4.8838e-01   4.8446e-01   3.8247e-01
   4.8873e-01   4.8438e-01   3.5338e-01  -4.1711e+00  -1.4373e+00
   4.8438e-01   4.0656e-01   4.2584e-01   1.2963e-01   1.6891e-01
   3.5338e-01   4.2584e-01   3.1668e-01   4.6733e-01   4.8446e-01
  -4.1711e+00   1.2963e-01   4.6733e-01   4.8193e-01   4.8975e-01
  -1.4373e+00   1.6891e-01   4.8446e-01   4.8975e-01   4.6451e-01
   4.8796e-01   4.7916e-01   4.0127e-01  -1.4373e+00  -4.9831e-01
   4.7916e-01   4.9134e-01   4.4765e-01   1.6891e-01   3.8132e-01
   4.0127e-01   4.4765e-01   4.8838e-01   4.8446e-01   3.8247e-01
  -1.4373e+00   1.6891e-01   4.8446e-01   4.8975e-01   4.6451e-01
  -4.9831e-01   3.8132e-01   3.8247e-01   4.6451e-01   4.9154e-01
