Cubefile created from AIMPRO output using aimpot2cube parser: Copyright (c) A Christison 2025 All Rights Reserved
Contains the sum of the V_har + V_loc potentials from AIM.sh.o_hartree.test on the grid specified in test.in.benchmark in Hartree, positional data in Bohr
    8    0.000000    0.000000    0.000000
    5    1.000000    0.000000    0.000000
    5    0.000000    1.000000    0.000000
    5    0.000000    0.000000    1.000000
    6    6.000000    0.000000    0.000000    0.000000
    6    6.000000    1.685000    1.685000    1.685000
    6    6.000000    3.370000    3.370000    0.000000
    6    6.000000    5.055000    5.055000    1.685000
    6    6.000000    0.000000    3.370000    3.370000
    6    6.000000    1.685000    5.055000    5.055000
    6    6.000000    3.370000    0.000000    3.370000
    6    6.000000    5.055000    1.685000    5.055000
  -1.4439e+01  -5.8954e-01   3.8240e-01   4.5712e-01   4.4925e-01
  -5.8954e-01   7.8075e-02   3.4361e-01   4.2143e-01   4.0825e-01
   3.8240e-01   3.4361e-01   2.7596e-01   1.0489e-01   1.6402e-01
   4.5712e-01   4.2143e-01   1.0489e-01  -4.6875e+00  -1.9600e+00
   4.4925e-01   4.0825e-01   1.6402e-01  -1.9600e+00  -9.7516e-01
  -5.8954e-01   7.8075e-02   3.4361e-01   4.2143e-01   4.0825e-01
   7.8075e-02  -2.3327e-01  -5.4739e-01   2.6571e-01   4.4313e-01
   3.4361e-01  -5.4739e-01  -1.3401e+00   1.1477e-01   3.4051e-01
   4.2143e-01   2.6571e-01   1.1477e-01  -2.9804e-01  -1.0712e-01
   4.0825e-01   4.4313e-01   3.4051e-01  -1.0712e-01  -6.4033e-02
   3.8240e-01   3.4361e-01   2.7596e-01   1.0489e-01   1.6402e-01
   3.4361e-01  -5.4739e-01  -1.3401e+00   1.1477e-01   3.4051e-01
   2.7596e-01  -1.3401e+00  -4.2967e+00   8.1209e-02   4.2947e-01
   1.0489e-01   1.1477e-01   8.1209e-02   3.3800e-01   4.0508e-01
   1.6402e-01   3.4051e-01   4.2947e-01   4.0508e-01   1.8789e-01
   4.5712e-01   4.2143e-01   1.0489e-01  -4.6875e+00  -1.9600e+00
   4.2143e-01   2.6571e-01   1.1477e-01  -2.9804e-01  -1.0712e-01
   1.0489e-01   1.1477e-01   8.1209e-02   3.3800e-01   4.0508e-01
  -4.6875e+00  -2.9804e-01   3.3800e-01   4.3827e-01   4.5076e-01
  -1.9600e+00  -1.0712e-01   4.0508e-01   4.5076e-01   3.9466e-01
   4.4925e-01   4.0825e-01   1.6402e-01  -1.9600e+00  -9.7516e-01
   4.0825e-01   4.4313e-01   3.4051e-01  -1.0712e-01  -6.4033e-02
   1.6402e-01   3.4051e-01   4.2947e-01   4.0508e-01   1.8789e-01
  -1.9600e+00  -1.0712e-01   4.0508e-01   4.5076e-01   3.9466e-01
  -9.7516e-01  -6.4033e-02   1.8789e-01   3.9466e-01   4.5081e-01
