Cubefile created from AIMPRO output using aimpot2cube parser: Copyright (c) A Christison 2026 All Rights Reserved
Contains the sum of the V_har + V_loc potentials from AIM.sh.o_hartree.test on the grid specified in test.in.benchmark in Hartree, positional data in Bohr
    8    0.000000    0.000000    0.000000
    5    1.000000    0.000000    0.000000
    5    0.000000    1.000000    0.000000
    5    0.000000    0.000000    1.000000
    6    6.000000    0.000000    0.000000    0.000000
    6    6.000000    1.685000    1.685000    1.685000
    6    6.000000    3.370000    3.370000    0.000000
    6    6.000000    5.055000    5.055000    1.685000
    6    6.000000    0.000000    3.370000    3.370000
    6    6.000000    1.685000    5.055000    5.055000
    6    6.000000    3.370000    0.000000    3.370000
    6    6.000000    5.055000    1.685000    5.055000
  -1.44392e+01  -5.89538e-01   3.82402e-01   4.57117e-01   4.49252e-01
  -5.89538e-01   7.80748e-02   3.43609e-01   4.21426e-01   4.08252e-01
   3.82402e-01   3.43609e-01   2.75958e-01   1.04887e-01   1.64019e-01
   4.57117e-01   4.21426e-01   1.04887e-01  -4.68749e+00  -1.95997e+00
   4.49252e-01   4.08252e-01   1.64019e-01  -1.95997e+00  -9.75165e-01
  -5.89538e-01   7.80748e-02   3.43609e-01   4.21426e-01   4.08252e-01
   7.80748e-02  -2.33273e-01  -5.47387e-01   2.65712e-01   4.43129e-01
   3.43609e-01  -5.47387e-01  -1.34012e+00   1.14773e-01   3.40511e-01
   4.21426e-01   2.65712e-01   1.14773e-01  -2.98039e-01  -1.07119e-01
   4.08252e-01   4.43129e-01   3.40511e-01  -1.07119e-01  -6.40329e-02
   3.82402e-01   3.43609e-01   2.75958e-01   1.04887e-01   1.64019e-01
   3.43609e-01  -5.47387e-01  -1.34012e+00   1.14773e-01   3.40511e-01
   2.75958e-01  -1.34012e+00  -4.29670e+00   8.12090e-02   4.29474e-01
   1.04887e-01   1.14773e-01   8.12090e-02   3.38003e-01   4.05077e-01
   1.64019e-01   3.40511e-01   4.29474e-01   4.05077e-01   1.87892e-01
   4.57117e-01   4.21426e-01   1.04887e-01  -4.68749e+00  -1.95997e+00
   4.21426e-01   2.65712e-01   1.14773e-01  -2.98039e-01  -1.07119e-01
   1.04887e-01   1.14773e-01   8.12090e-02   3.38003e-01   4.05077e-01
  -4.68749e+00  -2.98039e-01   3.38003e-01   4.38272e-01   4.50764e-01
  -1.95997e+00  -1.07119e-01   4.05077e-01   4.50764e-01   3.94660e-01
   4.49252e-01   4.08252e-01   1.64019e-01  -1.95997e+00  -9.75165e-01
   4.08252e-01   4.43129e-01   3.40511e-01  -1.07119e-01  -6.40329e-02
   1.64019e-01   3.40511e-01   4.29474e-01   4.05077e-01   1.87892e-01
  -1.95997e+00  -1.07119e-01   4.05077e-01   4.50764e-01   3.94660e-01
  -9.75165e-01  -6.40329e-02   1.87892e-01   3.94660e-01   4.50806e-01
