Cubefile created from AIMPRO output using aimpot2cube parser: Copyright (c) A Christison 2026 All Rights Reserved
Contains the sum of the V_har + V_loc potentials from AIM.sh.o_rydberg.test on the grid specified in test.in.benchmark in Rydberg, positional data in Bohr
    8    0.000000    0.000000    0.000000
    5    1.000000    0.000000    0.000000
    5    0.000000    1.000000    0.000000
    5    0.000000    0.000000    1.000000
    6    6.000000    0.000000    0.000000    0.000000
    6    6.000000    1.685000    1.685000    1.685000
    6    6.000000    3.370000    3.370000    0.000000
    6    6.000000    5.055000    5.055000    1.685000
    6    6.000000    0.000000    3.370000    3.370000
    6    6.000000    1.685000    5.055000    5.055000
    6    6.000000    3.370000    0.000000    3.370000
    6    6.000000    5.055000    1.685000    5.055000
  -2.88785e+01  -1.17908e+00   7.64804e-01   9.14234e-01   8.98503e-01
  -1.17908e+00   1.56150e-01   6.87218e-01   8.42853e-01   8.16504e-01
   7.64804e-01   6.87218e-01   5.51916e-01   2.09774e-01   3.28037e-01
   9.14234e-01   8.42853e-01   2.09774e-01  -9.37498e+00  -3.91995e+00
   8.98503e-01   8.16504e-01   3.28037e-01  -3.91995e+00  -1.95033e+00
  -1.17908e+00   1.56150e-01   6.87218e-01   8.42853e-01   8.16504e-01
   1.56150e-01  -4.66547e-01  -1.09477e+00   5.31425e-01   8.86258e-01
   6.87218e-01  -1.09477e+00  -2.68024e+00   2.29546e-01   6.81022e-01
   8.42853e-01   5.31425e-01   2.29546e-01  -5.96078e-01  -2.14237e-01
   8.16504e-01   8.86258e-01   6.81022e-01  -2.14237e-01  -1.28066e-01
   7.64804e-01   6.87218e-01   5.51916e-01   2.09774e-01   3.28037e-01
   6.87218e-01  -1.09477e+00  -2.68024e+00   2.29546e-01   6.81022e-01
   5.51916e-01  -2.68024e+00  -8.59340e+00   1.62418e-01   8.58948e-01
   2.09774e-01   2.29546e-01   1.62418e-01   6.76007e-01   8.10153e-01
   3.28037e-01   6.81022e-01   8.58948e-01   8.10153e-01   3.75784e-01
   9.14234e-01   8.42853e-01   2.09774e-01  -9.37498e+00  -3.91995e+00
   8.42853e-01   5.31425e-01   2.29546e-01  -5.96078e-01  -2.14237e-01
   2.09774e-01   2.29546e-01   1.62418e-01   6.76007e-01   8.10153e-01
  -9.37498e+00  -5.96078e-01   6.76007e-01   8.76543e-01   9.01528e-01
  -3.91995e+00  -2.14237e-01   8.10153e-01   9.01528e-01   7.89320e-01
   8.98503e-01   8.16504e-01   3.28037e-01  -3.91995e+00  -1.95033e+00
   8.16504e-01   8.86258e-01   6.81022e-01  -2.14237e-01  -1.28066e-01
   3.28037e-01   6.81022e-01   8.58948e-01   8.10153e-01   3.75784e-01
  -3.91995e+00  -2.14237e-01   8.10153e-01   9.01528e-01   7.89320e-01
  -1.95033e+00  -1.28066e-01   3.75784e-01   7.89320e-01   9.01613e-01
