Cubefile created from AIMPRO output using aimpot2cube parser: Copyright (c) A Christison 2025 All Rights Reserved
Contains the total potential from AIM.sh.o_rydberg.test on the grid specified in test_rydberg.in.benchmark in Rydberg, positional data in Bohr
    8    0.000000    0.000000    0.000000
    5    1.000000    0.000000    0.000000
    5    0.000000    1.000000    0.000000
    5    0.000000    0.000000    1.000000
    6    6.000000    0.000000    0.000000    0.000000
    6    6.000000    1.685000    1.685000    1.685000
    6    6.000000    3.370000    3.370000    0.000000
    6    6.000000    5.055000    5.055000    1.685000
    6    6.000000    0.000000    3.370000    3.370000
    6    6.000000    1.685000    5.055000    5.055000
    6    6.000000    3.370000    0.000000    3.370000
    6    6.000000    5.055000    1.685000    5.055000
  -2.8877e+01  -3.5536e-01   9.6261e-01   9.7747e-01   9.7593e-01
  -3.5536e-01   7.2789e-01   9.3023e-01   9.6875e-01   9.5832e-01
   9.6261e-01   9.3023e-01   9.1961e-01   7.0676e-01   8.0254e-01
   9.7747e-01   9.6875e-01   7.0676e-01  -8.3422e+00  -2.8747e+00
   9.7593e-01   9.5832e-01   8.0254e-01  -2.8747e+00  -9.9663e-01
  -3.5536e-01   7.2789e-01   9.3023e-01   9.6875e-01   9.5832e-01
   7.2789e-01   5.3326e-01  -3.5587e-01   8.1312e-01   9.8268e-01
   9.3023e-01  -3.5587e-01  -1.5910e+00   8.5167e-01   8.9531e-01
   9.6875e-01   8.1312e-01   8.5167e-01   2.5926e-01   3.3783e-01
   9.5832e-01   9.8268e-01   8.9531e-01   3.3783e-01   7.6265e-01
   9.6261e-01   9.3023e-01   9.1961e-01   7.0676e-01   8.0254e-01
   9.3023e-01  -3.5587e-01  -1.5910e+00   8.5167e-01   8.9531e-01
   9.1961e-01  -1.5910e+00  -7.6085e+00   6.3335e-01   9.7677e-01
   7.0676e-01   8.5167e-01   6.3335e-01   9.3467e-01   9.6892e-01
   8.0254e-01   8.9531e-01   9.7677e-01   9.6892e-01   7.6493e-01
   9.7747e-01   9.6875e-01   7.0676e-01  -8.3422e+00  -2.8747e+00
   9.6875e-01   8.1312e-01   8.5167e-01   2.5926e-01   3.3783e-01
   7.0676e-01   8.5167e-01   6.3335e-01   9.3467e-01   9.6892e-01
  -8.3422e+00   2.5926e-01   9.3467e-01   9.6386e-01   9.7949e-01
  -2.8747e+00   3.3783e-01   9.6892e-01   9.7949e-01   9.2901e-01
   9.7593e-01   9.5832e-01   8.0254e-01  -2.8747e+00  -9.9663e-01
   9.5832e-01   9.8268e-01   8.9531e-01   3.3783e-01   7.6265e-01
   8.0254e-01   8.9531e-01   9.7677e-01   9.6892e-01   7.6493e-01
  -2.8747e+00   3.3783e-01   9.6892e-01   9.7949e-01   9.2901e-01
  -9.9663e-01   7.6265e-01   7.6493e-01   9.2901e-01   9.8308e-01
