Cubefile created from AIMPRO output using aimpot2cube parser: Copyright (c) A Christison 2025 All Rights Reserved
Contains the total potential from AIM.sh.o.test on the grid specified in test.in.benchmark in eV, positional data in Bohr
    8    0.000000    0.000000    0.000000
    5    1.000000    0.000000    0.000000
    5    0.000000    1.000000    0.000000
    5    0.000000    0.000000    1.000000
    6    6.000000    0.000000    0.000000    0.000000
    6    6.000000    1.685000    1.685000    1.685000
    6    6.000000    3.370000    3.370000    0.000000
    6    6.000000    5.055000    5.055000    1.685000
    6    6.000000    0.000000    3.370000    3.370000
    6    6.000000    1.685000    5.055000    5.055000
    6    6.000000    3.370000    0.000000    3.370000
    6    6.000000    5.055000    1.685000    5.055000
  -3.9290e+02  -4.8349e+00   1.3097e+01   1.3299e+01   1.3278e+01
  -4.8349e+00   9.9035e+00   1.2656e+01   1.3181e+01   1.3039e+01
   1.3097e+01   1.2656e+01   1.2512e+01   9.6160e+00   1.0919e+01
   1.3299e+01   1.3181e+01   9.6160e+00  -1.1350e+02  -3.9112e+01
   1.3278e+01   1.3039e+01   1.0919e+01  -3.9112e+01  -1.3560e+01
  -4.8349e+00   9.9035e+00   1.2656e+01   1.3181e+01   1.3039e+01
   9.9035e+00   7.2554e+00  -4.8418e+00   1.1063e+01   1.3370e+01
   1.2656e+01  -4.8418e+00  -2.1646e+01   1.1588e+01   1.2181e+01
   1.3181e+01   1.1063e+01   1.1588e+01   3.5275e+00   4.5964e+00
   1.3039e+01   1.3370e+01   1.2181e+01   4.5964e+00   1.0376e+01
   1.3097e+01   1.2656e+01   1.2512e+01   9.6160e+00   1.0919e+01
   1.2656e+01  -4.8418e+00  -2.1646e+01   1.1588e+01   1.2181e+01
   1.2512e+01  -2.1646e+01  -1.0352e+02   8.6172e+00   1.3290e+01
   9.6160e+00   1.1588e+01   8.6172e+00   1.2717e+01   1.3183e+01
   1.0919e+01   1.2181e+01   1.3290e+01   1.3183e+01   1.0407e+01
   1.3299e+01   1.3181e+01   9.6160e+00  -1.1350e+02  -3.9112e+01
   1.3181e+01   1.1063e+01   1.1588e+01   3.5275e+00   4.5964e+00
   9.6160e+00   1.1588e+01   8.6172e+00   1.2717e+01   1.3183e+01
  -1.1350e+02   3.5275e+00   1.2717e+01   1.3114e+01   1.3327e+01
  -3.9112e+01   4.5964e+00   1.3183e+01   1.3327e+01   1.2640e+01
   1.3278e+01   1.3039e+01   1.0919e+01  -3.9112e+01  -1.3560e+01
   1.3039e+01   1.3370e+01   1.2181e+01   4.5964e+00   1.0376e+01
   1.0919e+01   1.2181e+01   1.3290e+01   1.3183e+01   1.0407e+01
  -3.9112e+01   4.5964e+00   1.3183e+01   1.3327e+01   1.2640e+01
  -1.3560e+01   1.0376e+01   1.0407e+01   1.2640e+01   1.3376e+01
