Cubefile created from AIMPRO output using aimpot2cube parser: Copyright (c) A Christison 2025 All Rights Reserved
Contains the total potential from AIM.sh.o_rydberg.test on the grid specified in test_rydberg.in.benchmark in Rydberg, positional data in Bohr
    8    0.000000    0.000000    0.000000
    5    1.000000    0.000000    0.000000
    5    0.000000    1.000000    0.000000
    5    0.000000    0.000000    1.000000
    6    6.000000    0.000000    0.000000    0.000000
    6    6.000000    1.685000    1.685000    1.685000
    6    6.000000    3.370000    3.370000    0.000000
    6    6.000000    5.055000    5.055000    1.685000
    6    6.000000    0.000000    3.370000    3.370000
    6    6.000000    1.685000    5.055000    5.055000
    6    6.000000    3.370000    0.000000    3.370000
    6    6.000000    5.055000    1.685000    5.055000
  -2.8878e+01  -1.1791e+00   7.6480e-01   9.1423e-01   8.9850e-01
  -1.1791e+00   1.5615e-01   6.8722e-01   8.4285e-01   8.1650e-01
   7.6480e-01   6.8722e-01   5.5192e-01   2.0977e-01   3.2804e-01
   9.1423e-01   8.4285e-01   2.0977e-01  -9.3750e+00  -3.9199e+00
   8.9850e-01   8.1650e-01   3.2804e-01  -3.9199e+00  -1.9503e+00
  -1.1791e+00   1.5615e-01   6.8722e-01   8.4285e-01   8.1650e-01
   1.5615e-01  -4.6655e-01  -1.0948e+00   5.3142e-01   8.8626e-01
   6.8722e-01  -1.0948e+00  -2.6802e+00   2.2955e-01   6.8102e-01
   8.4285e-01   5.3142e-01   2.2955e-01  -5.9608e-01  -2.1424e-01
   8.1650e-01   8.8626e-01   6.8102e-01  -2.1424e-01  -1.2807e-01
   7.6480e-01   6.8722e-01   5.5192e-01   2.0977e-01   3.2804e-01
   6.8722e-01  -1.0948e+00  -2.6802e+00   2.2955e-01   6.8102e-01
   5.5192e-01  -2.6802e+00  -8.5934e+00   1.6242e-01   8.5895e-01
   2.0977e-01   2.2955e-01   1.6242e-01   6.7601e-01   8.1015e-01
   3.2804e-01   6.8102e-01   8.5895e-01   8.1015e-01   3.7578e-01
   9.1423e-01   8.4285e-01   2.0977e-01  -9.3750e+00  -3.9199e+00
   8.4285e-01   5.3142e-01   2.2955e-01  -5.9608e-01  -2.1424e-01
   2.0977e-01   2.2955e-01   1.6242e-01   6.7601e-01   8.1015e-01
  -9.3750e+00  -5.9608e-01   6.7601e-01   8.7654e-01   9.0153e-01
  -3.9199e+00  -2.1424e-01   8.1015e-01   9.0153e-01   7.8932e-01
   8.9850e-01   8.1650e-01   3.2804e-01  -3.9199e+00  -1.9503e+00
   8.1650e-01   8.8626e-01   6.8102e-01  -2.1424e-01  -1.2807e-01
   3.2804e-01   6.8102e-01   8.5895e-01   8.1015e-01   3.7578e-01
  -3.9199e+00  -2.1424e-01   8.1015e-01   9.0153e-01   7.8932e-01
  -1.9503e+00  -1.2807e-01   3.7578e-01   7.8932e-01   9.0161e-01
