Cubefile created from AIMPRO output using aimpot2cube parser: Copyright (c) A Christison 2025 All Rights Reserved
Contains the total potential from AIM.sh.o.test on the grid specified in test.in.benchmark in eV, positional data in Bohr
    8    0.000000    0.000000    0.000000
    5    1.000000    0.000000    0.000000
    5    0.000000    1.000000    0.000000
    5    0.000000    0.000000    1.000000
    6    6.000000    0.000000    0.000000    0.000000
    6    6.000000    1.685000    1.685000    1.685000
    6    6.000000    3.370000    3.370000    0.000000
    6    6.000000    5.055000    5.055000    1.685000
    6    6.000000    0.000000    3.370000    3.370000
    6    6.000000    1.685000    5.055000    5.055000
    6    6.000000    3.370000    0.000000    3.370000
    6    6.000000    5.055000    1.685000    5.055000
  -3.9291e+02  -1.6042e+01   1.0406e+01   1.2439e+01   1.2225e+01
  -1.6042e+01   2.1245e+00   9.3501e+00   1.1468e+01   1.1109e+01
   1.0406e+01   9.3501e+00   7.5092e+00   2.8541e+00   4.4632e+00
   1.2439e+01   1.1468e+01   2.8541e+00  -1.2755e+02  -5.3334e+01
   1.2225e+01   1.1109e+01   4.4632e+00  -5.3334e+01  -2.6536e+01
  -1.6042e+01   2.1245e+00   9.3501e+00   1.1468e+01   1.1109e+01
   2.1245e+00  -6.3477e+00  -1.4895e+01   7.2304e+00   1.2058e+01
   9.3501e+00  -1.4895e+01  -3.6467e+01   3.1231e+00   9.2658e+00
   1.1468e+01   7.2304e+00   3.1231e+00  -8.1101e+00  -2.9148e+00
   1.1109e+01   1.2058e+01   9.2658e+00  -2.9148e+00  -1.7424e+00
   1.0406e+01   9.3501e+00   7.5092e+00   2.8541e+00   4.4632e+00
   9.3501e+00  -1.4895e+01  -3.6467e+01   3.1231e+00   9.2658e+00
   7.5092e+00  -3.6467e+01  -1.1692e+02   2.2098e+00   1.1687e+01
   2.8541e+00   3.1231e+00   2.2098e+00   9.1975e+00   1.1023e+01
   4.4632e+00   9.2658e+00   1.1687e+01   1.1023e+01   5.1128e+00
   1.2439e+01   1.1468e+01   2.8541e+00  -1.2755e+02  -5.3334e+01
   1.1468e+01   7.2304e+00   3.1231e+00  -8.1101e+00  -2.9148e+00
   2.8541e+00   3.1231e+00   2.2098e+00   9.1975e+00   1.1023e+01
  -1.2755e+02  -8.1101e+00   9.1975e+00   1.1926e+01   1.2266e+01
  -5.3334e+01  -2.9148e+00   1.1023e+01   1.2266e+01   1.0739e+01
   1.2225e+01   1.1109e+01   4.4632e+00  -5.3334e+01  -2.6536e+01
   1.1109e+01   1.2058e+01   9.2658e+00  -2.9148e+00  -1.7424e+00
   4.4632e+00   9.2658e+00   1.1687e+01   1.1023e+01   5.1128e+00
  -5.3334e+01  -2.9148e+00   1.1023e+01   1.2266e+01   1.0739e+01
  -2.6536e+01  -1.7424e+00   5.1128e+00   1.0739e+01   1.2267e+01
