Cubefile created from AIMPRO output using aimpot2cube parser: Copyright (c) A Christison 2025 All Rights Reserved.
Contains the total potential from AIM.sh.o.test on the grid specified in test.in.benchmark
    8    0.000000    0.000000    0.000000
    5    1.000000    0.000000    0.000000
    5    0.000000    1.000000    0.000000
    5    0.000000    0.000000    1.000000
    6    6.000000    0.000000    0.000000    0.000000
    6    6.000000    1.685000    1.685000    1.685000
    6    6.000000    3.370000    3.370000    0.000000
    6    6.000000    5.055000    5.055000    1.685000
    6    6.000000    0.000000    3.370000    3.370000
    6    6.000000    1.685000    5.055000    5.055000
    6    6.000000    3.370000    0.000000    3.370000
    6    6.000000    5.055000    1.685000    5.055000
  -1.4802e+01  -1.2440e+00  -1.1759e-02   1.8991e-01   1.7277e-01
  -1.2440e+00  -5.0865e-01  -9.2513e-02   8.8785e-02   5.9334e-02
  -1.1759e-02  -9.2513e-02  -2.2930e-01  -4.5261e-01  -3.8840e-01
   1.8991e-01   8.8785e-02  -4.5261e-01  -5.4371e+00  -2.6550e+00
   1.7277e-01   5.9334e-02  -3.8840e-01  -2.6550e+00  -1.6679e+00
  -1.2440e+00  -5.0865e-01  -9.2513e-02   8.8785e-02   5.9334e-02
  -5.0865e-01  -9.2977e-01  -1.1823e+00  -1.9447e-01   1.4245e-01
  -9.2513e-02  -1.1823e+00  -2.0609e+00  -4.8875e-01  -7.7691e-02
   8.8785e-02  -1.9447e-01  -4.8875e-01  -9.6267e-01  -6.8969e-01
   5.9334e-02   1.4245e-01  -7.7691e-02  -6.8969e-01  -7.2116e-01
  -1.1759e-02  -9.2513e-02  -2.2930e-01  -4.5261e-01  -3.8840e-01
  -9.2513e-02  -1.1823e+00  -2.0609e+00  -4.8875e-01  -7.7691e-02
  -2.2930e-01  -2.0609e+00  -5.0211e+00  -4.6485e-01   1.0528e-01
  -4.5261e-01  -4.8875e-01  -4.6485e-01  -1.0511e-01   4.3072e-02
  -3.8840e-01  -7.7691e-02   1.0528e-01   4.3072e-02  -3.3052e-01
   1.8991e-01   8.8785e-02  -4.5261e-01  -5.4371e+00  -2.6550e+00
   8.8785e-02  -1.9447e-01  -4.8875e-01  -9.6267e-01  -6.8969e-01
  -4.5261e-01  -4.8875e-01  -4.6485e-01  -1.0511e-01   4.3072e-02
  -5.4371e+00  -9.6267e-01  -1.0511e-01   1.6207e-01   1.6236e-01
  -2.6550e+00  -6.8969e-01   4.3072e-02   1.6236e-01   4.3303e-02
   1.7277e-01   5.9334e-02  -3.8840e-01  -2.6550e+00  -1.6679e+00
   5.9334e-02   1.4245e-01  -7.7691e-02  -6.8969e-01  -7.2116e-01
  -3.8840e-01  -7.7691e-02   1.0528e-01   4.3072e-02  -3.3052e-01
  -2.6550e+00  -6.8969e-01   4.3072e-02   1.6236e-01   4.3303e-02
  -1.6679e+00  -7.2116e-01  -3.3052e-01   4.3303e-02   1.3440e-01
